-1757.67301
-2582.29786
-576.86673
-827.48186
-526.24966
-1461.18379
-539.70385
-598.61016
-2429.12474
-48.04369
-2404.06483
-4470.15942
-3800.96051
-713.19543
-1340.76447
-1617.55981
-1940.51744
-698.93044
-818.27630
-2918.16064
-3220.98651
-5617.22239
-2204.80800
-1683.18653
-2401.32320
-1616.39280
-609.33831
-3910.77703
-2414.93121
-2809.63619
-901.46663
-3090.62121
-3630.73652
-616.71219
-934.62808
-969.07522
-3507.10809
-3140.29474
-3993.26297
-366.66866
-827.32924
-1463.90539
-974.06939
-2505.23869
-1002.94333
-895.04082
-579.81380
-3121.69159
-1504.91156
-466.01738
-1362.74592
-1910.82480
-194.90889
-1051.61294
-2090.76542
-2899.29400
-877.17186
-1930.17593
-580.40566
-1440.50324
-793.33203
-2546.60935
-3774.67407
-1710.91402
-1045.62804
-1166.66156
-893.99249
-893.58490
-320.07518
-2228.61339
-2133.92218
-369.92487
-1189.90303
-3529.44356
-1066.83962
-1670.58459
-1956.64240
-1529.30718
-3148.38149
-202.45835
-830.15602
-1728.42411
-1530.89651
-2620.29474
-3795.42092
-683.68420
-478.67426
-1019.15959
-1113.11551
-1420.36346
-2898.31476
-1032.11567
-1232.63208
-17.28044
-949.76817
-519.04324
-1824.58048
-1031.91649
-2296.43722
-1772.42228
-2120.71296
-2440.26884
-2383.41793
-1513.04452
-2241.22964
-1105.26781
-1804.04768
-1353.91041
-1152.17127
-1810.63978
-1967.47670
-2573.20301
-2897.96357
-885.33114
-759.74893
-1152.58994
-2924.15915
-2170.55050
-1819.07315
-536.98063
-602.49084
-1128.82612
-1828.14569
-2930.32517
-792.66991
-938.54849
-1751.43582
-1029.86646
-2135.96191
-248.67112
-3531.86584
-2774.14107
-5192.98960
-1059.33040
-1942.29350
-1396.08324
-2974.12924
-619.48985
-2154.65832
-1429.86318
-907.77136
-520.98949
-2394.95374
-2529.75524
-1328.24537
-1164.95112
-1347.98801
-3108.47055
-2961.13254
-2038.29089
-801.72870
-594.59146
-2420.65655
-2763.00404
-2144.05129
-896.77188
-440.63229
-1162.78937
-2511.14793
-362.81445
-354.21720
-271.73556
-2787.19554
-1971.34549
-558.65076
-1054.18967
-3085.20013
-658.07034
-2287.77409
-3242.16588
-2037.66922
-3325.46498
-3650.61939
-328.12419
-944.01868
-973.22884
-1414.46067
-590.94286
-2589.05062
-1138.78361
-1585.44532
-538.31647
-1607.76533
-1242.71357
-1118.33275
-991.45259
-1701.16166
-2145.91029
-2224.57718
-3518.87579
-3578.88094
-437.22919
-2106.33366
-4407.32229
-3642.82202
-4403.85077
-970.18798
-1658.87433
-1626.12740
-2480.80449
-1400.68532
-1676.13749
-2986.50703
-2150.85384
-2720.22219
-1735.00487
-1421.52212
-48.04369
-1086.59350
-2546.05587
-1785.25225
-1172.97961
-2276.27561
-2418.68226
-2511.89144
-602.40094
-1911.50876
-2093.55043
-1243.50558
-3112.64921
-658.36896
-108.43894
-2266.15862
-973.57930
-3364.32625
-684.18090
-1356.31761
-593.99823
-2447.16344
-716.03094
-851.24362
-1208.69540
-580.20253
-637.90022
-1577.24134
-1731.37464
-4888.65956
-448.16465
-3585.56096
-1096.95709
-767.62402
-2866.88171
-2251.31404
-634.73274
-1494.07771
-754.20288
-1859.41386
-570.02058
-1847.37544
-382.38068
-4271.43404
-1796.28250
-2470.20726
-2962.10501
-730.22513
-521.11885
-3317.04485
-1410.24736
-1870.01780
-790.78511
-2771.47822
-2998.37387
-1729.96793
-782.10476
-2346.75840
-2070.83496
-687.77241
-1394.09865
-2636.83165
-864.89028
-1040.99008
-223.35535
-1796.27829
-1272.12827
-473.77925
-1186.04915
-544.55760
-868.22976
-2847.87831
-1120.84716
-4034.19946
-870.49581
-2109.28205
-1053.20707
-1884.88094
-3498.07625
-3446.48932
-71.62245
-701.04469
-1377.73047
-2116.65483
-2042.32357
-2307.58609
-1924.70375
-1621.84261
-2624.80674
-1209.79498
-1493.38469
-782.50907
-1659.21319
-608.21371
-3061.19371
-901.71428
-667.17792
-806.24912
-1598.81374
-6523.72905
-495.81331
-2008.62083
-985.27796
-3246.91004
-3777.80508
-794.46428
-1628.66951
-4802.46127
-2598.08765
-809.75140
-1003.70203
-1423.03957
-620.78917
-3028.85007
-770.42949
-2015.72494
-1873.74787
-1700.50135
-2125.64940
-4226.31352
-1926.65573
-722.38832
-2215.23044
-1246.31322
-232.31851
-99.53426
-436.59716
-1057.72215
-1929.69962
-2459.78293
-1561.90690
-3306.94988
-2385.43541
-1952.94396
-3975.60024
-605.32806
-1156.50833
-1366.75560
-583.79722
-849.98512
-1982.76568
-1607.78269
-1246.55483
-1098.84749
-2867.56663
-2340.42963
-1139.11616
-1732.45319
-2083.43422
-2304.91742
-751.29166
-468.28505
-2983.71552
-565.29602
-444.93806
-1332.25747
-721.56562
-772.06488
-1645.38602
-3331.53420
-2463.70206
-939.17587
-2854.10330
-1222.27880
-2316.32884
-184.99628
-3472.47548
-2313.65354
-1459.36865
-209.73464
-426.62433
-1653.01846
-1743.86662
-2347.82859
-1970.56107
-2340.59033
-1206.25811
-2180.66721
-647.62493
-3902.53409
-2544.55366
-852.47855
-2569.95560
-2326.59309
-1746.30527
-1386.42031
-464.67487
-1560.69260
-1172.53390
-1868.40069
-1009.74189
-2066.15221
-2620.03953
-1818.53014
-3157.36415
-1819.60352
-1010.28437
-1495.21840
-1053.65356
-846.17193
-191.75777
-367.85642
-3151.64187
-309.47881
-1152.99358
-2644.90914
-1158.40228
-656.88054
-1684.57798
-1186.33022
-106.45528
-3276.37541
-1145.55363
-1640.21314
-456.99793
-1210.97451
-1700.38649
-464.80994
-3764.60191
-1998.23011
-542.71891
-1987.06604
-2551.25031
-1420.80249
-2955.05820
-2308.18262
-437.04466
-1048.91957
-573.65683
-2951.50463
-679.21229
-87.58381
-808.59432
-647.76717
-776.71752
-757.12145
-1205.94189
-512.35142
-523.20430
-944.47993
-4738.58214
-362.29322
-1485.58355
-3094.89128
-1892.87473
-1568.43051
-603.22389
-818.11971
-1092.09115
-2350.17174
-725.65970
-430.08418
-845.27497
-887.73953
-2364.14941
-2138.58616
-2968.33299
-726.48006
-1700.12712
-1386.76224
-1188.34584
-1132.24925
-1377.89492
-1621.50765
-1999.49347
-1603.51028
-2748.21843
-1803.25781
-643.00426
-746.97374
-680.67819
-1491.07784
-3476.90346
-1305.45161
-386.26453
-2326.05448
-1214.75539
-1133.03842
-1599.24281
-2785.63647
-811.78303
-718.69276
-3048.57199
-1160.43468
-240.54777
-2074.40537
-1287.88989
-444.52043
-2275.38229
-2418.23412
-5668.57480
-3233.27381
-2094.27096
-901.95760
-878.29178
-1005.51133
-3023.93094
-2186.52384
-1007.55780
-2901.47838
-1556.36180
-1033.80918
-1865.56503
-977.28066
-1241.89694
-2960.28802
-3144.53936
-2194.04371
-4276.12320
-2273.24552
-874.69127
-929.77384
-3737.31384
-775.69177
-1090.58810
-940.75542
-830.26330
-663.26013
